                            Estimate Std. Error     z value     Pr(>|z|)
(Intercept)             -0.385951537 0.48196820 -0.80078217 0.4232577639
PV.TimeTRUE             -0.342260535 0.09385192 -3.64681451 0.0002655114
PV.MoveTRUE             -0.611757566 0.21903102 -2.79301789 0.0052218805
PV.DiscourseTRUE        -0.696232800 0.36528877 -1.90597919 0.0566529058
PV.QualTRUE             -0.040743420 0.34000165 -0.11983301 0.9046154337
PV.PositionTRUE         -1.025556498 0.41639250 -2.46295619 0.0137796752
TA.speechTRUE           -0.374003886 0.51238188 -0.72993191 0.4654318076
TA.cognitiveTRUE        -0.247482584 0.48888902 -0.50621424 0.6127062608
TA.doTRUE               -0.675420955 0.48916597 -1.38076031 0.1673526697
TA.foodTRUE             -1.723209602 0.64372964 -2.67691513 0.0074303453
TA.money.countTRUE      -0.472217990 0.64478995 -0.73235941 0.4639492247
NA.persons.actorTRUE     0.269243786 0.22589142  1.19191685 0.2332938489
Sg.actorTRUE            -0.607777488 0.30217593 -2.01133653 0.0442899228
NDA.Relations.actorTRUE  0.072483906 0.37629492  0.19262526 0.8472524612
actor.1TRUE              0.485162726 0.13867019  3.49868078 0.0004675660
actor.4TRUE             -0.920866545 0.25850352 -3.56229795 0.0003676228
goal.3TRUE              -0.005245561 0.16025241 -0.03273312 0.9738874140
goal.4TRUE              -0.313695255 0.14401718 -2.17817933 0.0293926884
goal.2TRUE              -0.487039555 0.22930817 -2.12395202 0.0336741562
NA.persons.goalTRUE     -0.352189521 0.13710704 -2.56871946 0.0102075057
Px3Pl.goalTRUE          -0.947964188 0.76890307 -1.23287867 0.2176210363
                        Estimate Std. Error z value Pr(>|z|)
(Intercept)               -0.386      0.482  -0.801    0.423
PV.TimeTRUE               -0.342      0.094  -3.647    0.000
PV.MoveTRUE               -0.612      0.219  -2.793    0.005
PV.DiscourseTRUE          -0.696      0.365  -1.906    0.057
PV.QualTRUE               -0.041      0.340  -0.120    0.905
PV.PositionTRUE           -1.026      0.416  -2.463    0.014
TA.speechTRUE             -0.374      0.512  -0.730    0.465
TA.cognitiveTRUE          -0.247      0.489  -0.506    0.613
TA.doTRUE                 -0.675      0.489  -1.381    0.167
TA.foodTRUE               -1.723      0.644  -2.677    0.007
TA.money.countTRUE        -0.472      0.645  -0.732    0.464
NA.persons.actorTRUE       0.269      0.226   1.192    0.233
Sg.actorTRUE              -0.608      0.302  -2.011    0.044
NDA.Relations.actorTRUE    0.072      0.376   0.193    0.847
actor.1TRUE                0.485      0.139   3.499    0.000
actor.4TRUE               -0.921      0.259  -3.562    0.000
goal.3TRUE                -0.005      0.160  -0.033    0.974
goal.4TRUE                -0.314      0.144  -2.178    0.029
goal.2TRUE                -0.487      0.229  -2.124    0.034
NA.persons.goalTRUE       -0.352      0.137  -2.569    0.010
Px3Pl.goalTRUE            -0.948      0.769  -1.233    0.218
