$bivariate
   category1                category2   N1   N2  N12     alpha.X2     alpha.G2
1    PV.Time                  PV.Move 2017  444  151    0.2742206    0.2545679
2    PV.Time                  PV.Qual 2017  173   81 1.766688e-05 2.240706e-05
3    PV.Time              PV.StartFin 2017  143   44    0.9065782     0.834597
4    PV.Time             PV.Discourse 2017  137   80  1.63092e-11 6.440278e-11
5    PV.Time              PV.Position 2017  121   30    0.1284041   0.09801342
6    PV.Time                    AI.do 2017 2142  747 6.155519e-05   5.8585e-05
7    PV.Time                 AI.state 2017 1943  658  0.009875665   0.00931058
8    PV.Time                AI.speech 2017 1348  200 7.213937e-50 2.067357e-55
9    PV.Time               AI.cooking 2017  282  113  0.002098047   0.00206643
10   PV.Time             AI.reflexive 2017  277  141 2.354829e-12 8.744508e-12
11   PV.Time                AI.health 2017  128   55  0.006793373  0.006294335
12   PV.Time                  AI.pray 2017   63   30  0.008841695  0.007722146
13   PV.Time                    RdplW 2017  142   59   0.01255527   0.01144805
14   PV.Time         NA.persons.actor 2017  740  298  7.73201e-08 1.048457e-07
15   PV.Time                 Sg.actor 2017  541  189    0.0869016   0.08080096
16   PV.Time                 Pl.actor 2017  297  137 4.656575e-08 8.079379e-08
17   PV.Time NA.beast.of.burden.actor 2017   59   17    0.7513005    0.6445178
18   PV.Time            NA.food.actor 2017   37    7    0.1380522    0.0819609
19   PV.Time                  actor.3 2017 3663 1094 0.0007544347  0.000695277
20   PV.Time                  actor.2 2017  265   92    0.2899052    0.2640841
21   PV.Time                  actor.4 2017  178   44   0.05578844   0.04152914
22   PV.Move                  PV.Qual  444  173   34 7.511093e-11 2.445014e-08
23   PV.Move              PV.StartFin  444  143    2   0.01337116  0.001497123
24   PV.Move             PV.Discourse  444  137   19  0.002290934  0.004086441
25   PV.Move              PV.Position  444  121   13    0.1397741    0.1223487
26   PV.Move                    AI.do  444 2142  244 6.008558e-23 7.110881e-22
           beta      power effect.size likelihood.ratio   cramers.v   lambda.12
1     0.7911285  0.2088715  0.01434132          1.29806  0.01367919           0
2   0.007857706  0.9921423  0.05473984         17.97292  0.05370248           0
3     0.9450131 0.05498694 0.002606467       0.04360136 0.001468209           0
4  5.617029e-07  0.9999994  0.08543162         42.68198  0.08426926  0.01140307
5      0.633202   0.366798  0.02025692         2.737575  0.01902167           0
6    0.01897877  0.9810212  0.05048436         16.14785   0.0501277           0
7     0.2580233  0.7419767  0.03264567         6.762259  0.03227966           0
8  1.722476e-38          1    0.186167         245.8674   0.1857543           0
9     0.1186923  0.8813077  0.03930269         9.489572  0.03848296           0
10 1.545649e-07  0.9999998   0.0885481         46.59136  0.08772135 0.002478929
11     0.199643   0.800357  0.03506587         7.464047   0.0338642           0
12     0.213493   0.786507  0.03445862         7.096805   0.0327546           0
13    0.2651723  0.7348277  0.03237078         6.394406  0.03122861           0
14 0.0002747744  0.9997252  0.06774986         28.28239  0.06722371           0
15    0.5790229  0.4209771  0.02202287         3.048717  0.02141808           0
16 0.0001799203  0.9998201  0.06915788         28.78695  0.06835813           0
17    0.9256832  0.0743168 0.005725253        0.2128821 0.003964972           0
18    0.6175792  0.3824208  0.02077348         3.025582   0.0185545           0
19   0.07546705   0.924533  0.04248907         11.50183  0.04214864           0
20    0.7968831  0.2031169  0.01408494          1.24722   0.0132405           0
21    0.4862015  0.5137985  0.02495223         4.154292  0.02392913           0
22   1.2902e-06  0.9999987   0.0833421         31.10452  0.08144602           0
23    0.2482311  0.7517689   0.0330287         10.08215   0.0309482           0
24    0.1039207  0.8960793  0.04027821            8.245  0.03815367           0
25    0.6188548  0.3811452  0.02073156         2.386994  0.01847379           0
26 8.929684e-16          1   0.1240484         92.39178   0.1233964           0
    lambda.21       tau.12       tau.21        uc.12        uc.21       uc.sym
1           0 0.0002056735 0.0002056735 0.0001629058 0.0004025912 0.0002319532
2           0  0.002996451  0.002996451   0.00225559   0.01130371  0.003760745
3           0 6.793672e-06 6.793672e-06 5.471944e-06 3.183909e-05 9.338885e-06
4           0  0.007298562  0.007298562  0.005356563   0.03224091  0.009186812
5           0 0.0004103426 0.0004103426  0.000343564  0.002282078 0.0005972176
6           0  0.002548671  0.002548671  0.002026545  0.001981242  0.002003638
7           0   0.00106574   0.00106574 0.0008486594 0.0008614697 0.0008550166
8           0   0.03465814   0.03465814   0.03085621   0.03734304   0.03379112
9           0  0.001544702  0.001544702  0.001190935  0.004105754  0.001846319
10          0  0.007840767  0.007840767  0.005847187   0.02043086  0.009092233
11          0  0.001229615  0.001229615 0.0009367333  0.005950028  0.001618639
12          0  0.001187397  0.001187397 0.0008906448    0.0100323  0.001636045
13          0  0.001047867  0.001047867 0.0008024941   0.00469532  0.001370714
14          0  0.004590043  0.004590043  0.003549422  0.006173595  0.004507386
15          0  0.000485007  0.000485007 0.0003826121 0.0008225983 0.0005222923
16          0  0.004782812  0.004782812  0.003612744   0.01198097   0.00555149
17          0 3.277852e-05 3.277852e-05 2.671657e-05 0.0003176115 4.928724e-05
18          0 0.0004315374 0.0004315374 0.0003797087  0.006649777 0.0007183963
19          0  0.001805321  0.001805321  0.001443473   0.00131915  0.001378514
20          0 0.0001983856 0.0001983856 0.0001565253 0.0005654702 0.0002451827
21          0 0.0006226139 0.0006226139 0.0005213611  0.002555434 0.0008660335
22          0  0.006945906  0.006945906  0.009647016   0.01956258   0.01292182
23          0  0.001090895  0.001090895  0.003126963  0.007362305  0.004389564
24          0  0.001622334  0.001622334  0.002557173  0.006228068  0.003625683
25          0 0.0004297974 0.0004297974 0.0007403224   0.00198983  0.001079145
26 0.02054155   0.01538799   0.01538799   0.02865516    0.0113359   0.01624523
   p.lambda.12 p.lambda.21     p.tau.12     p.tau.21      p.uc.12      p.uc.21
1          NaN         NaN    0.2517002    0.2517002    0.5711894      0.57109
2          NaN         NaN 1.213879e-05 1.213879e-05   0.03888654   0.03681149
3          NaN         NaN    0.8349777    0.8349777     0.916659    0.9166562
4   0.04811821         NaN 8.603498e-12 8.603498e-12  0.001515432  0.001035143
5          NaN         NaN    0.1054401    0.1054401    0.3970373    0.3957749
6          NaN         NaN 5.461135e-05 5.461135e-05   0.04525243   0.04526132
7          NaN         NaN  0.009075318  0.009075318     0.194918    0.1949127
8          NaN         NaN  4.48583e-50  4.48583e-50 2.896898e-17 1.698122e-17
9          NaN         NaN  0.001682189  0.001682189    0.1301687     0.128912
10   0.7635716         NaN 1.470918e-12 1.470918e-12 0.0008983098 0.0007372773
11         NaN         NaN   0.00506865   0.00506865    0.1815847    0.1788499
12         NaN         NaN  0.005885304  0.005885304    0.1950092     0.189389
13         NaN         NaN  0.009675004  0.009675004    0.2153889    0.2131832
14         NaN         NaN 6.132128e-08 6.132128e-08  0.008846385  0.008671018
15         NaN         NaN   0.07837773   0.07837773    0.3863281    0.3861096
16         NaN         NaN 3.249356e-08 3.249356e-08   0.00884681  0.008234185
17         NaN         NaN    0.6472466    0.6472466    0.8160294    0.8159515
18         NaN         NaN   0.09685021   0.09685021    0.3584702    0.3531781
19         NaN         NaN  0.000683939  0.000683939   0.09023566   0.09027189
20         NaN         NaN    0.2602762    0.2602762    0.5795201    0.5793412
21         NaN         NaN   0.04611859   0.04611859    0.2967396    0.2954586
22         NaN         NaN 2.717589e-11 2.717589e-11   0.01455578   0.01356927
23         NaN         NaN  0.008295069  0.008295069   0.03506226   0.03321685
24         NaN         NaN  0.001285332  0.001285332    0.1916312    0.1897782
25         NaN         NaN   0.09752577   0.09752577    0.4679667    0.4672833
26         NaN  0.03486433 3.598375e-23 3.598375e-23 1.618131e-06 2.498033e-06
   var.lambda.12 var.lambda.21   var.tau.12   var.tau.21    var.uc.12    var.uc.21
1              0             0 1.334598e-07 1.334598e-07 8.275203e-08 5.051381e-07
2              0             0 2.199855e-06 2.199855e-06 1.192664e-06 2.931192e-05
3              0             0 4.195634e-09 4.195634e-09   2.7344e-09 9.257003e-08
4   3.329109e-05             0 5.481392e-06 5.481392e-06 2.852233e-06 9.657302e-05
5              0             0 2.236748e-07 2.236748e-07 1.645606e-07 7.221879e-06
6              0             0 1.632834e-06 1.632834e-06 1.024364e-06 9.791571e-07
7              0             0 6.805196e-07 6.805196e-07 4.286917e-07 4.417209e-07
8              0             0 1.484275e-05 1.484275e-05  1.33323e-05 1.924317e-05
9              0             0 1.076729e-06 1.076729e-06 6.192239e-07 7.311559e-06
10  6.791881e-05             0  5.82367e-06  5.82367e-06 3.100747e-06 3.663882e-05
11             0             0  8.81873e-07  8.81873e-07 4.916879e-07 1.959037e-05
12             0             0 8.786044e-07 8.786044e-07 4.723508e-07  5.84354e-05
13             0             0 7.425941e-07 7.425941e-07 4.195881e-07 1.422621e-05
14             0             0 3.168841e-06 3.168841e-06 1.838221e-06 5.532192e-06
15             0             0 3.182782e-07 3.182782e-07 1.950677e-07 9.008319e-07
16             0             0 3.483186e-06 3.483186e-06 1.904419e-06 2.055962e-05
17             0             0 1.951158e-08 1.951158e-08 1.318673e-08  1.86206e-06
18             0             0 1.971748e-07 1.971748e-07 1.709807e-07 5.129844e-05
19             0             0 1.138434e-06 1.138434e-06 7.259561e-07 6.064286e-07
20             0             0 1.301587e-07 1.301587e-07 7.980227e-08 1.040533e-06
21             0             0 3.391818e-07 3.391818e-07 2.496511e-07 5.965979e-06
22             0             0 1.046532e-05 1.046532e-05 1.559019e-05 6.280542e-05
23             0             0 1.590297e-07 1.590297e-07 2.201168e-06 1.195341e-05
24             0             0 1.861925e-06 1.861925e-06 3.835197e-06 2.256032e-05
25             0             0 3.970054e-07 3.970054e-07 1.040443e-06 7.493332e-06
26             0  9.478291e-05 1.100277e-05 1.100277e-05 3.569732e-05 5.796766e-06
   ASE.lambda.12 ASE.lambda.21   ASE.tau.12   ASE.tau.21    ASE.uc.12    ASE.uc.21
1              0             0 0.0003653214 0.0003653214 0.0002876665 0.0007107307
2              0             0  0.001483191  0.001483191  0.001092092  0.005414048
3              0             0 6.477372e-05 6.477372e-05 5.229149e-05 0.0003042532
4    0.005769843             0  0.002341237  0.002341237  0.001688855  0.009827157
5              0             0 0.0004729427 0.0004729427 0.0004056607  0.002687355
6              0             0  0.001277824  0.001277824  0.001012109 0.0009895237
7              0             0 0.0008249361 0.0008249361 0.0006547455 0.0006646209
8              0             0  0.003852629  0.003852629  0.003651342  0.004386704
9              0             0  0.001037656  0.001037656 0.0007869078  0.002703989
10   0.008241287             0  0.002413228  0.002413228  0.001760894  0.006053001
11             0             0 0.0009390809 0.0009390809 0.0007012046  0.004426101
12             0             0  0.000937339  0.000937339 0.0006872778  0.007644305
13             0             0  0.000861739  0.000861739 0.0006477562  0.003771765
14             0             0  0.001780124  0.001780124   0.00135581  0.002352061
15             0             0 0.0005641615 0.0005641615 0.0004416647 0.0009491217
16             0             0   0.00186633   0.00186633  0.001380007  0.004534271
17             0             0 0.0001396839 0.0001396839 0.0001148335  0.001364573
18             0             0 0.0004440437 0.0004440437 0.0004134981  0.007162293
19             0             0  0.001066974  0.001066974 0.0008520306 0.0007787353
20             0             0 0.0003607752 0.0003607752  0.000282493  0.001020065
21             0             0 0.0005823931 0.0005823931 0.0004996509  0.002442535
22             0             0  0.003235014  0.003235014  0.003948441  0.007924987
23             0             0 0.0003987853 0.0003987853  0.001483634   0.00345737
24             0             0  0.001364524  0.001364524  0.001958366  0.004749771
25             0             0 0.0006300836 0.0006300836  0.001020021  0.002737395
26             0   0.009735652  0.003317042  0.003317042  0.005974724  0.002407647
   noncentrality
1       1.314048
2       19.14432
3     0.04340477
4       46.63051
5       2.621679
6       16.28346
7        6.80901
8       221.4308
9         9.8691
10      50.09466
11       7.85601
12      7.586277
13      6.694824
14      29.32579
15      3.098709
16      30.55739
17      0.209422
18      2.757092
19       11.5342
20      1.267486
21       3.97788
22      44.37739
23      6.969727
24      10.36509
25      2.745976
26      98.31389
 [ reached 'max' / getOption("max.print") -- omitted 205 rows ]

$independents
 [1] "PV.Time"                  "PV.Move"                  "PV.Qual"                 
 [4] "PV.StartFin"              "PV.Discourse"             "PV.Position"             
 [7] "AI.do"                    "AI.state"                 "AI.speech"               
[10] "AI.cooking"               "AI.reflexive"             "AI.health"               
[13] "AI.pray"                  "RdplW"                    "NA.persons.actor"        
[16] "Sg.actor"                 "Pl.actor"                 "NA.beast.of.burden.actor"
[19] "NA.food.actor"            "actor.3"                  "actor.2"                 
[22] "actor.4"                 

attr(,"class")
[1] "nominal"   "bivariate"
