$bivariate
        category1       category2  N1  N2 N12     alpha.X2     alpha.G2         beta
1         PV.Time        II.sense 213 274 100 1.275809e-05 1.119507e-05  0.006414356
2         PV.Time NI.object.actor 213 144  29   0.05645215   0.03940402    0.4794365
3         PV.Time       Med.actor 213  24   8    0.6222022    0.4771968    0.8876765
4        II.sense NI.object.actor 274 144  70 0.0001309357 0.0001171923   0.02490559
5        II.sense       Med.actor 274  24   8            1    0.8982458     0.948135
6 NI.object.actor       Med.actor 144  24  24 7.615791e-25  2.44035e-20 3.937366e-18
       power effect.size likelihood.ratio    cramers.v lambda.12 lambda.21
1  0.9935856   0.1579692         19.29583    0.1549778         0         0
2  0.5205635  0.07142841         4.243364   0.06773833         0         0
3  0.1123235  0.02580109        0.5052628   0.01749741         0         0
4  0.9750944   0.1392582         14.83734    0.1358188         0         0
5 0.05186501 0.004528561        0.0163527 4.783488e-17         0         0
6          1   0.3750451         85.39745     0.365498 0.1666667         0
        tau.12       tau.21        uc.12        uc.21       uc.sym  p.lambda.12
1   0.02495427   0.02495427   0.02090935   0.01887334   0.01983925          NaN
2  0.005102018  0.005102018  0.004598195  0.005646993  0.005068911          NaN
3 0.0006656964 0.0006656964 0.0005475129  0.002348321 0.0008879903          NaN
4   0.01939284   0.01939284   0.01451247   0.01974526   0.01672922          NaN
5 2.050787e-05 2.050787e-05 1.599466e-05 7.600282e-05 2.642766e-05          NaN
6    0.1406589    0.1406589    0.1136454    0.3969036    0.1766971 8.025111e-08
  p.lambda.21     p.tau.12     p.tau.21      p.uc.12      p.uc.21 var.lambda.12
1         NaN 8.762752e-06 8.762752e-06   0.02873498   0.02903622             0
2         NaN   0.04441281   0.04441281    0.2897695    0.2892447             0
3         NaN    0.4677731    0.4677731    0.7276378    0.7270793             0
4         NaN 8.889039e-05 8.889039e-05   0.05693514   0.05570947             0
5         NaN    0.8985882    0.8985882    0.9488761    0.9488724             0
6         NaN 4.831493e-26 4.831493e-26 2.876034e-07 1.438737e-69  0.0009645062
  var.lambda.21   var.tau.12   var.tau.21    var.uc.12    var.uc.21 ASE.lambda.12
1             0  0.000132826  0.000132826  9.13992e-05 7.474678e-05             0
2             0 2.204913e-05 2.204913e-05 1.886638e-05 2.839246e-05             0
3             0 3.799628e-06 3.799628e-06 2.471485e-06 4.527214e-05             0
4             0 0.0001062018 0.0001062018 5.810805e-05 0.0001065023             0
5             0 1.017248e-07 1.017248e-07 6.222826e-08  1.40486e-06             0
6             0 0.0007346137 0.0007346137 0.0004904932 0.0005068092     0.0310565
  ASE.lambda.21   ASE.tau.12   ASE.tau.21    ASE.uc.12   ASE.uc.21 noncentrality
1             0   0.01152502   0.01152502  0.009560293 0.008645622      19.78874
2             0  0.004695651  0.004695651  0.004343544 0.005328458        4.0459
3             0  0.001949263  0.001949263  0.001572096 0.006728458     0.5278973
4             0   0.01030542   0.01030542  0.007622864     0.01032      15.37852
5             0 0.0003189432 0.0003189432 0.0002494559 0.001185268    0.01626274
6             0   0.02710376   0.02710376   0.02214708  0.02251242      111.5425

$independents
[1] "PV.Time"         "II.sense"        "NI.object.actor" "Med.actor"      

attr(,"class")
[1] "nominal"   "bivariate"
