$bivariate
      category1             category2   N1   N2 N12     alpha.X2     alpha.G2
1  PV.Discourse                 TI.do   64 1632  22   0.00307305  0.001949329
2  PV.Discourse        TI.money.count   64   23   1    0.9788183    0.5069649
3  PV.Discourse      NA.persons.actor   64  261   9    0.1705604    0.1400766
4  PV.Discourse               actor.3   64 1508  27      0.30121    0.2448911
5  PV.Discourse               actor.2   64  250   3    0.4233148    0.2658984
6  PV.Discourse               Sg.goal   64  789  14    0.5581221    0.4575473
7  PV.Discourse               Pl.goal   64  244   1   0.09236664   0.02111426
8  PV.Discourse       NI.nominal.goal   64  114   1    0.5538364    0.2977487
9  PV.Discourse NI.natural.force.goal   64   73   0    0.3945362   0.07691006
10 PV.Discourse         NDI.Body.goal   64   55   1            1    0.8824541
11 PV.Discourse            Px3Sg.goal   64   43   1            1    0.9167235
12 PV.Discourse         NI.place.goal   64   42   0    0.6802483    0.1808166
13 PV.Discourse          Der.Dim.goal   64   30   1            1    0.6605857
14 PV.Discourse            Px1Sg.goal   64   18   0            1    0.3819363
15        TI.do        TI.money.count 1632   23   0 7.590701e-07 2.762143e-09
16        TI.do      NA.persons.actor 1632  261 139            1    0.9557337
17        TI.do               actor.3 1632 1508 957 6.770632e-28 2.949783e-28
18        TI.do               actor.2 1632  250 119   0.06298901   0.05450948
19        TI.do               Sg.goal 1632  789 477 5.147977e-06 3.913476e-06
20        TI.do               Pl.goal 1632  244 210 3.312359e-26  1.60239e-29
21        TI.do       NI.nominal.goal 1632  114  74   0.01589805   0.01137222
22        TI.do NI.natural.force.goal 1632   73  61 3.279016e-07 3.824689e-08
23        TI.do         NDI.Body.goal 1632   55  47 3.017496e-06 3.497226e-07
24        TI.do            Px3Sg.goal 1632   43  38 7.700584e-06 6.771601e-07
25        TI.do         NI.place.goal 1632   42  36 4.722183e-05 7.327664e-06
26        TI.do          Der.Dim.goal 1632   30  26 0.0004928308 9.238103e-05
           beta      power effect.size likelihood.ratio    cramers.v   lambda.12
1     0.1298715  0.8701285  0.05585031         9.596648   0.05355934           0
2     0.8821582  0.1178418  0.01370106        0.4403264 0.0004803594           0
3     0.6417285  0.3582715  0.02888218         2.177117   0.02479382           0
4     0.7871774  0.2128226   0.0209904         1.352216   0.01870461           0
5     0.8221249  0.1778751  0.01865537         1.237785   0.01448623           0
6     0.8870804  0.1129196  0.01320651         0.551888   0.01059546           0
7     0.5174614  0.4825386  0.03466576         5.317336   0.03045017           0
8     0.8476349  0.1523651  0.01674057          1.08425   0.01071104           0
9     0.7558271  0.2441729  0.02288703         3.129018   0.01540416           0
10    0.9476008 0.05239919 0.002616452       0.02186225 1.483771e-15           0
11    0.9487031 0.05129693 0.001924344       0.01093317  5.33469e-17           0
12    0.8408629  0.1591371  0.01727058           1.7909  0.007456287           0
13     0.923668   0.076332 0.008611412        0.1928129 4.657603e-15           0
14    0.9045677 0.09543234  0.01126148        0.7644602 1.659552e-16           0
15 0.0006980934  0.9993019  0.09327321         35.34473   0.08947753  0.01616304
16    0.9496469 0.05035307 0.001004337      0.003081144 7.800817e-17           0
17 9.016939e-20          1   0.1987365         121.5136    0.1980802   0.1384399
18    0.5137241  0.4862759  0.03483547         3.697028    0.0336385 0.008432888
19   0.00414365  0.9958564  0.08322649         21.30677   0.08247685           0
20 1.703381e-18          1   0.1928098         127.2935    0.1915995           0
21    0.2921976  0.7078024  0.04535616         6.406206   0.04362508           0
22 0.0005464707  0.9994535  0.09453971         30.23637   0.09239137           0
23  0.002213253  0.9977867  0.08695199          25.9536   0.08448438           0
24    0.0038229  0.9961771  0.08371839         24.67906   0.08093319           0
25    0.0117642  0.9882358  0.07643479         20.10573   0.07361709           0
26   0.04376556  0.9562344  0.06637226         15.28636   0.06304493           0
    lambda.21       tau.12       tau.21        uc.12        uc.21       uc.sym
1  0.01405481  0.003119258  0.003119258   0.01544227  0.002273646  0.003963696
2           0 0.0001877191 0.0001877191 0.0007085432  0.001626488 0.0009870848
3           0 0.0008341806 0.0008341806  0.003503268  0.001220928  0.001810779
4           0  0.000440597  0.000440597  0.002175894 0.0003193232 0.0005569162
5           0 0.0003480229 0.0003480229  0.001991758 0.0007152771   0.00105256
6           0 0.0001744119 0.0001744119 0.0008880604 0.0001581231 0.0002684479
7           0  0.001201715  0.001201715  0.008556294  0.003125407  0.004578425
8           0 0.0002802466 0.0002802466  0.001744701  0.001113842  0.001359658
9           0  0.000523816  0.000523816  0.005035001  0.004538646  0.004773956
10          0 6.845822e-06 6.845822e-06 3.517924e-05  3.96849e-05 3.729649e-05
11          0   3.7031e-06   3.7031e-06 1.759291e-05 2.418635e-05 2.036935e-05
12          0 0.0002982728 0.0002982728  0.002881793  0.004037953  0.003363287
13          0 7.415641e-05 7.415641e-05 0.0003102614 0.0005719675 0.0004022979
14          0  0.000126821  0.000126821  0.001230117  0.003463426  0.001815438
15          0  0.008699893  0.008699893  0.008373902    0.1305572   0.01573835
16          0 1.008693e-06 1.008693e-06 7.299871e-07 1.727907e-06 1.026366e-06
17  0.1870027   0.03949618   0.03949618   0.02878909   0.02869519   0.02874206
18          0   0.00121351   0.00121351 0.0008759028  0.002136397  0.001242424
19          0  0.006926649  0.006926649  0.005048016  0.006104666  0.005526286
20          0   0.03717564   0.03717564   0.03015847   0.07482013   0.04298896
21          0  0.002057182  0.002057182  0.001517763  0.006581046  0.002466652
22          0  0.008937757  0.008937757  0.007163626   0.04385791   0.01231565
23          0  0.007560649  0.007560649  0.006148948   0.04711161    0.0108781
24          0   0.00700877   0.00700877  0.005846982   0.05459501   0.01056272
25          0  0.005842277  0.005842277  0.004763467   0.04533254  0.008621048
26          0  0.004405277  0.004405277  0.003621657   0.04534604  0.006707598
    p.lambda.12  p.lambda.21     p.tau.12     p.tau.21      p.uc.12       p.uc.21
1           NaN   0.01181051  0.002025577  0.002025577    0.1112693      0.117644
2           NaN          NaN    0.4489529    0.4489529    0.7662945     0.7660211
3           NaN          NaN    0.1104628    0.1104628    0.4898286     0.4910038
4           NaN          NaN    0.2460517    0.2460517    0.5587484     0.5596943
5           NaN          NaN    0.3025634    0.3025634    0.5426298     0.5434683
6           NaN          NaN    0.4654932    0.4654932    0.7048741      0.705151
7           NaN          NaN   0.05539896   0.05539896    0.1198965     0.1248713
8           NaN          NaN    0.3548962    0.3548962    0.5451384     0.5456273
9           NaN          NaN    0.2059409    0.2059409  6.19173e-17  3.782606e-15
10          NaN          NaN    0.8850322    0.8850322    0.9396969     0.9396965
11          NaN          NaN    0.9153086    0.9153086    0.9589914      0.958991
12          NaN          NaN     0.339869     0.339869  1.58349e-10  6.340369e-15
13          NaN          NaN     0.634151     0.634151    0.8380586     0.8380009
14          NaN          NaN     0.533716     0.533716 2.509798e-05  2.509897e-14
15 1.331019e-06          NaN 2.542293e-07 2.542293e-07 1.552943e-06 6.173455e-122
16          NaN          NaN     0.955738     0.955738    0.9778598     0.9778598
17 6.811304e-08 9.798447e-15 4.624961e-28 4.624961e-28 2.557203e-08  2.564234e-08
18    0.4459603          NaN   0.05421526   0.05421526    0.3367029     0.3360605
19          NaN          NaN 4.238191e-06 4.238191e-06   0.02036324    0.02023981
20          NaN          NaN 1.647977e-26 1.647977e-26 5.197473e-10  3.891301e-11
21          NaN          NaN   0.01219268   0.01219268    0.2001375       0.19737
22          NaN          NaN 1.745803e-07 1.745803e-07  0.002916839   0.001617733
23          NaN          NaN 1.545748e-06 1.545748e-06  0.005201348    0.00273795
24          NaN          NaN 3.718426e-06 3.718426e-06  0.005206676   0.002181852
25          NaN          NaN 2.399865e-05 2.399865e-05   0.01372297   0.008074637
26          NaN          NaN 0.0002445214 0.0002445214   0.03035351    0.01901126
   var.lambda.12 var.lambda.21   var.tau.12   var.tau.21    var.uc.12    var.uc.21
1              0  3.116183e-05 3.853201e-06 3.853201e-06  9.40277e-05 2.111356e-06
2              0             0 4.964247e-07 4.964247e-07 5.682781e-06 2.987334e-05
3              0             0 1.680958e-06 1.680958e-06 2.573456e-05 3.142703e-06
4              0             0 5.660314e-07 5.660314e-07 1.384863e-05 2.996978e-07
5              0             0 2.755412e-07 2.755412e-07 1.070202e-05 1.385947e-06
6              0             0 2.046605e-07 2.046605e-07 5.497704e-06 1.746396e-07
7              0             0 3.627415e-07 3.627415e-07 3.026873e-05 4.147607e-06
8              0             0 1.608775e-07 1.608775e-07  8.31464e-06 3.397075e-06
9              0             0 8.041746e-09 8.041746e-09 3.626011e-07 3.332685e-07
10             0             0 7.821379e-09 7.821379e-09 2.162448e-07 2.751801e-07
11             0             0 5.361996e-09 5.361996e-09 1.170637e-07 2.212479e-07
12             0             0  3.50736e-09  3.50736e-09 2.029356e-07 2.682064e-07
13             0             0 1.519267e-07 1.519267e-07  2.30457e-06 7.826422e-06
14             0             0  1.14474e-09  1.14474e-09 8.521592e-08 2.065121e-07
15  1.117484e-05             0 3.308133e-06 3.308133e-06 3.038055e-06 3.091128e-05
16             0             0 1.321241e-09 1.321241e-09 6.918888e-10 3.876552e-09
17  0.0006582124   0.000583454  4.96045e-05  4.96045e-05 2.672083e-05 2.655137e-05
18    0.00012242             0 1.596641e-06 1.596641e-06 8.312582e-07 4.932118e-06
19             0             0 8.833323e-06 8.833323e-06 4.736093e-06 6.912692e-06
20             0             0  2.97379e-05  2.97379e-05 2.356202e-05 0.0001281965
21             0             0  2.50696e-06  2.50696e-06 1.403464e-06 2.606331e-05
22             0             0 7.596672e-06 7.596672e-06  5.79285e-06 0.0001935233
23             0             0 6.013726e-06 6.013726e-06  4.84237e-06 0.0002473162
24             0             0 4.956117e-06 4.956117e-06 4.379483e-06 0.0003174281
25             0             0 4.594551e-06 4.594551e-06 3.736042e-06 0.0002928722
26             0             0  3.33538e-06  3.33538e-06 2.797176e-06 0.0003738335
   ASE.lambda.12 ASE.lambda.21   ASE.tau.12   ASE.tau.21    ASE.uc.12    ASE.uc.21
1              0   0.005582278  0.001962957  0.001962957  0.009696788  0.001453051
2              0             0 0.0007045741 0.0007045741  0.002383859  0.005465651
3              0             0  0.001296518  0.001296518  0.005072925  0.001772767
4              0             0 0.0007523506 0.0007523506  0.003721375 0.0005474467
5              0             0 0.0005249202 0.0005249202  0.003271393  0.001177263
6              0             0 0.0004523942 0.0004523942  0.002344718  0.000417899
7              0             0 0.0006022803 0.0006022803  0.005501703  0.002036568
8              0             0 0.0004010954 0.0004010954  0.002883512  0.001843116
9              0             0 8.967578e-05 8.967578e-05 0.0006021637 0.0005772941
10             0             0 8.843856e-05 8.843856e-05 0.0004650213 0.0005245761
11             0             0 7.322565e-05 7.322565e-05 0.0003421457   0.00047037
12             0             0 5.922297e-05 5.922297e-05 0.0004504838 0.0005178865
13             0             0 0.0003897778 0.0003897778  0.001518081  0.002797574
14             0             0   3.3834e-05   3.3834e-05 0.0002919177  0.000454436
15   0.003342878             0  0.001818827  0.001818827  0.001743002  0.005559791
16             0             0 3.634888e-05 3.634888e-05 2.630378e-05 6.226196e-05
17    0.02565565    0.02415479  0.007043046  0.007043046  0.005169219  0.005152802
18    0.01106436             0  0.001263583  0.001263583 0.0009117336  0.002220837
19             0             0  0.002972091  0.002972091  0.002176257    0.0026292
20             0             0  0.005453246  0.005453246  0.004854072   0.01132239
21             0             0  0.001583338  0.001583338  0.001184679  0.005105224
22             0             0  0.002756206  0.002756206  0.002406834   0.01391127
23             0             0   0.00245229   0.00245229  0.002200539   0.01572629
24             0             0  0.002226234  0.002226234  0.002092721   0.01781651
25             0             0   0.00214349   0.00214349  0.001932884   0.01711351
26             0             0  0.001826302  0.001826302  0.001672476   0.01933477
   noncentrality
1       9.529332
2      0.5734818
3       2.548422
4       1.346024
5        1.06321
6      0.5328284
7       3.671238
8      0.8561532
9       1.600258
10    0.02091398
11    0.01131297
12     0.9112233
13     0.2265478
14      0.387438
15      26.57817
16   0.003081559
17      120.6608
18      3.707273
19      21.16091
20      113.5716
21       6.28469
22      27.30485
23      23.09778
24      21.41179
25      17.84816
26      13.45812
 [ reached 'max' / getOption("max.print") -- omitted 79 rows ]

$independents
 [1] "PV.Discourse"          "TI.do"                 "TI.money.count"       
 [4] "NA.persons.actor"      "actor.3"               "actor.2"              
 [7] "Sg.goal"               "Pl.goal"               "NI.nominal.goal"      
[10] "NI.natural.force.goal" "NDI.Body.goal"         "Px3Sg.goal"           
[13] "NI.place.goal"         "Der.Dim.goal"          "Px1Sg.goal"           

attr(,"class")
[1] "nominal"   "bivariate"
