$bivariate
         category1       category2  N1  N2 N12     alpha.X2     alpha.G2         beta
1          PV.Time        II.sense 135 171  50   0.01983754   0.01656104    0.3164555
2          PV.Time II.natural.land 135 145  14 2.866527e-05 4.289034e-06  0.009696405
3          PV.Time      II.weather 135 126  20   0.05397594   0.03481318     0.465344
4          PV.Time NI.object.actor 135 119  22    0.2754797    0.2168605    0.7717232
5         II.sense II.natural.land 171 145   0 4.134245e-18 5.179359e-27 4.533038e-12
6         II.sense      II.weather 171 126   0 2.635615e-15 3.805834e-23 6.892055e-10
7         II.sense NI.object.actor 171 119  57 4.087579e-07 5.550945e-07  0.000645126
8  II.natural.land      II.weather 145 126   0 1.784192e-12 2.847535e-19 9.578894e-08
9  II.natural.land NI.object.actor 145 119   9 3.395781e-06 1.680066e-07  0.002517804
10      II.weather NI.object.actor 126 119   2 1.299315e-08 4.506901e-12 5.865744e-05
       power effect.size likelihood.ratio  cramers.v lambda.12 lambda.21      tau.12
1  0.6835445  0.09984726         5.742306 0.09541621         0         0 0.009969475
2  0.9903036   0.1760471         21.13113  0.1713759         0         0  0.03099257
3   0.534656  0.08384289         4.454315 0.07893421         0         0  0.00702963
4  0.2282768  0.04968364         1.525026 0.04466985         0         0 0.002468464
5          1   0.3596659         115.8296  0.3553433         0         0   0.1293596
6          1   0.3284278         98.18751  0.3238854         0         0   0.1078648
7  0.9993549   0.2121034         25.06223  0.2074637         0         0  0.04498784
8  0.9999999   0.2935838         80.54087  0.2887952         0         0  0.08619144
9  0.9974822   0.1951702         27.37013   0.190279         0         0  0.03809139
10 0.9999413   0.2380538         47.89054   0.232914         0         0  0.05666962
        tau.21       uc.12       uc.21      uc.sym p.lambda.12 p.lambda.21
1  0.009969475 0.009004012 0.008037468  0.00849333         NaN         NaN
2   0.03099257   0.0331339  0.03195052  0.03253145         NaN         NaN
3   0.00702963 0.006984425 0.007244495 0.007112083         NaN         NaN
4  0.002468464 0.002391261 0.002559092 0.002472332         NaN         NaN
5    0.1293596    0.162126   0.1751357   0.1683799         NaN         NaN
6    0.1078648   0.1374324   0.1596921   0.1477284         NaN         NaN
7   0.04498784  0.03507944  0.04205604  0.03825224         NaN         NaN
8   0.08619144   0.1217787   0.1309916   0.1262173         NaN         NaN
9   0.03809139  0.04138395  0.04592883   0.0435381         NaN         NaN
10  0.05666962  0.07788915  0.08036341  0.07910694         NaN         NaN
       p.tau.12     p.tau.21      p.uc.12      p.uc.21 var.lambda.12 var.lambda.21
1    0.01486973   0.01486973    0.2366612    0.2370832             0             0
2  1.752851e-05 1.752851e-05   0.01110084   0.01121482             0             0
3    0.04084028   0.04084028     0.273691    0.2735593             0             0
4     0.2255452    0.2255452    0.5287632    0.5286924             0             0
5  1.736663e-18 1.736663e-18 1.972034e-33 3.028476e-38             0             0
6  1.135802e-15 1.135802e-15 3.600864e-29 2.004826e-37             0             0
7  2.294329e-07 2.294329e-07   0.01394452   0.01332403             0             0
8  7.992815e-13 7.992815e-13 1.343111e-28 4.437992e-32             0             0
9  1.929111e-06 1.929111e-06  0.002457622  0.002311621             0             0
10 6.369457e-09 6.369457e-09 3.601153e-07 3.108094e-07             0             0
     var.tau.12   var.tau.21    var.uc.12    var.uc.21 ASE.lambda.12 ASE.lambda.21
1  7.321027e-05 7.321027e-05 5.789333e-05 4.621433e-05             0             0
2  0.0001282309 0.0001282309 0.0001702338 0.0001587378             0             0
3  3.859264e-05 3.859264e-05 4.071446e-05 4.377894e-05             0             0
4  1.478612e-05 1.478612e-05 1.441178e-05 1.650008e-05             0             0
5  0.0001856775 0.0001856775 0.0001810631 0.0001834505             0             0
6  0.0001430805 0.0001430805 0.0001502759   0.00015603             0             0
7   0.000349009  0.000349009 0.0002035626 0.0002887421             0             0
8  0.0001006965 0.0001006965 0.0001204966  0.000123458             0             0
9  0.0001275399 0.0001275399 0.0001867264 0.0002272139             0             0
10 9.221499e-05 9.221499e-05 0.0002342628 0.0002466747             0             0
    ASE.tau.12  ASE.tau.21   ASE.uc.12   ASE.uc.21 noncentrality
1    0.0085563   0.0085563 0.007608766 0.006798112      5.941807
2   0.01132391  0.01132391  0.01304737  0.01259912      18.47157
3  0.006212297 0.006212297 0.006380789 0.006616566      4.189659
4  0.003845273 0.003845273 0.003796285 0.004062029      1.471205
5   0.01362635  0.01362635  0.01345597  0.01354439      77.09831
6   0.01196162  0.01196162  0.01225871   0.0124912      64.28743
7   0.01868178  0.01868178  0.01426754  0.01699241      26.81275
8   0.01003477  0.01003477   0.0109771  0.01111117      51.37009
9   0.01129336  0.01129336  0.01366479  0.01507362      22.70247
10 0.009602864 0.009602864  0.01530565  0.01570588      33.77509

$independents
[1] "PV.Time"         "II.sense"        "II.natural.land" "II.weather"     
[5] "NI.object.actor"

attr(,"class")
[1] "nominal"   "bivariate"
