                           Estimate Std. Error    z value     Pr(>|z|)
(Intercept)             -0.58444975  0.3466134 -1.6861717 9.176273e-02
PV.TimeTRUE             -0.33145235  0.1031321 -3.2138628 1.309622e-03
PV.MoveTRUE             -0.50646323  0.2368531 -2.1383009 3.249233e-02
PV.DiscourseTRUE        -1.10782601  0.3776655 -2.9333524 3.353231e-03
PV.QualTRUE             -0.08153242  0.3625830 -0.2248655 8.220839e-01
PV.PositionTRUE         -1.34166781  0.4212100 -3.1852705 1.446187e-03
PV.StartFinTRUE         -0.71579745  0.4722704 -1.5156519 1.296074e-01
TA.speechTRUE            0.11745927  0.3924605  0.2992894 7.647192e-01
TA.cognitiveTRUE         0.04968717  0.3588576  0.1384593 8.898774e-01
TA.doTRUE               -0.42855971  0.3577847 -1.1978144 2.309893e-01
TA.foodTRUE             -1.64814770  0.5591115 -2.9477978 3.200463e-03
Sg.actorTRUE            -0.25315031  0.2726773 -0.9283880 3.532063e-01
NDA.Relations.actorTRUE -0.20061720  0.3753264 -0.5345140 5.929860e-01
actor.1TRUE              0.53880251  0.1665010  3.2360325 1.212036e-03
actor.4TRUE             -0.80094109  0.2855863 -2.8045504 5.038680e-03
actor.2TRUE              1.80656689  0.2939777  6.1452519 7.983669e-10
goal.3TRUE               0.17029532  0.1709276  0.9963011 3.191039e-01
goal.4TRUE              -0.13890368  0.1508316 -0.9209188 3.570928e-01
NA.persons.goalTRUE     -0.20162072  0.1519227 -1.3271267 1.844668e-01
Px3Sg.goalTRUE          -0.65965868  0.4576431 -1.4414261 1.494643e-01
Px3Pl.goalTRUE          -0.96920360  0.7946624 -1.2196420 2.226006e-01
                        Estimate Std. Error z value Pr(>|z|)
(Intercept)               -0.584      0.347  -1.686    0.092
PV.TimeTRUE               -0.331      0.103  -3.214    0.001
PV.MoveTRUE               -0.506      0.237  -2.138    0.032
PV.DiscourseTRUE          -1.108      0.378  -2.933    0.003
PV.QualTRUE               -0.082      0.363  -0.225    0.822
PV.PositionTRUE           -1.342      0.421  -3.185    0.001
PV.StartFinTRUE           -0.716      0.472  -1.516    0.130
TA.speechTRUE              0.117      0.392   0.299    0.765
TA.cognitiveTRUE           0.050      0.359   0.138    0.890
TA.doTRUE                 -0.429      0.358  -1.198    0.231
TA.foodTRUE               -1.648      0.559  -2.948    0.003
Sg.actorTRUE              -0.253      0.273  -0.928    0.353
NDA.Relations.actorTRUE   -0.201      0.375  -0.535    0.593
actor.1TRUE                0.539      0.167   3.236    0.001
actor.4TRUE               -0.801      0.286  -2.805    0.005
actor.2TRUE                1.807      0.294   6.145    0.000
goal.3TRUE                 0.170      0.171   0.996    0.319
goal.4TRUE                -0.139      0.151  -0.921    0.357
NA.persons.goalTRUE       -0.202      0.152  -1.327    0.184
Px3Sg.goalTRUE            -0.660      0.458  -1.441    0.149
Px3Pl.goalTRUE            -0.969      0.795  -1.220    0.223
