                           Estimate Std. Error    z value     Pr(>|z|)
(Intercept)             -0.11153204 0.30772561 -0.3624399 7.170233e-01
PV.TimeTRUE             -0.44230098 0.08624132 -5.1286436 2.918373e-07
PV.MoveTRUE             -0.96839914 0.20856806 -4.6430845 3.432459e-06
PV.DiscourseTRUE        -1.07901943 0.35217527 -3.0638705 2.184934e-03
PV.QualTRUE             -0.32207676 0.32446068 -0.9926527 3.208792e-01
PV.PositionTRUE         -1.18001418 0.40349519 -2.9244814 3.450307e-03
TA.speechTRUE            0.33161775 0.30181531  1.0987440 2.718798e-01
TA.cognitiveTRUE        -0.34695835 0.30477437 -1.1384105 2.549491e-01
TA.doTRUE               -0.59925523 0.30669498 -1.9539128 5.071153e-02
TA.foodTRUE             -1.59037565 0.43024314 -3.6964579 2.186285e-04
TA.money.countTRUE      -0.38833934 0.42573182 -0.9121689 3.616798e-01
NA.persons.actorTRUE     0.07577101 0.21443793  0.3533471 7.238283e-01
Sg.actorTRUE            -0.39120066 0.28488673 -1.3731796 1.696965e-01
NDA.Relations.actorTRUE -0.14095017 0.35812233 -0.3935811 6.938903e-01
actor.1TRUE              0.61302986 0.12663569  4.8408933 1.292567e-06
actor.4TRUE             -0.72823233 0.24204502 -3.0086648 2.623984e-03
goal.3TRUE              -0.13112805 0.14504161 -0.9040720 3.659572e-01
goal.4TRUE              -0.32437202 0.12841906 -2.5258869 1.154066e-02
goal.2TRUE              -0.91336817 0.21364595 -4.2751486 1.910099e-05
NA.persons.goalTRUE     -0.40049017 0.12874487 -3.1107271 1.866273e-03
Px3Pl.goalTRUE          -1.34017573 0.76010794 -1.7631387 7.787710e-02
                        Estimate Std. Error z value Pr(>|z|)
(Intercept)               -0.112      0.308  -0.362    0.717
PV.TimeTRUE               -0.442      0.086  -5.129    0.000
PV.MoveTRUE               -0.968      0.209  -4.643    0.000
PV.DiscourseTRUE          -1.079      0.352  -3.064    0.002
PV.QualTRUE               -0.322      0.324  -0.993    0.321
PV.PositionTRUE           -1.180      0.403  -2.924    0.003
TA.speechTRUE              0.332      0.302   1.099    0.272
TA.cognitiveTRUE          -0.347      0.305  -1.138    0.255
TA.doTRUE                 -0.599      0.307  -1.954    0.051
TA.foodTRUE               -1.590      0.430  -3.696    0.000
TA.money.countTRUE        -0.388      0.426  -0.912    0.362
NA.persons.actorTRUE       0.076      0.214   0.353    0.724
Sg.actorTRUE              -0.391      0.285  -1.373    0.170
NDA.Relations.actorTRUE   -0.141      0.358  -0.394    0.694
actor.1TRUE                0.613      0.127   4.841    0.000
actor.4TRUE               -0.728      0.242  -3.009    0.003
goal.3TRUE                -0.131      0.145  -0.904    0.366
goal.4TRUE                -0.324      0.128  -2.526    0.012
goal.2TRUE                -0.913      0.214  -4.275    0.000
NA.persons.goalTRUE       -0.400      0.129  -3.111    0.002
Px3Pl.goalTRUE            -1.340      0.760  -1.763    0.078
