                                Estimate Std. Error    z value     Pr(>|z|)
(Intercept)                  -0.91304230 0.16790574 -5.4378265 5.393446e-08
PV.TimeTRUE                   0.04387722 0.06511453  0.6738468 5.004087e-01
PV.MoveTRUE                  -0.30984092 0.12794931 -2.4215912 1.545272e-02
PV.QualTRUE                  -0.10956929 0.19112220 -0.5732944 5.664453e-01
PV.StartFinTRUE              -0.35943986 0.21810266 -1.6480306 9.934639e-02
PV.DiscourseTRUE             -1.03659954 0.27253265 -3.8035793 1.426203e-04
PV.PositionTRUE              -0.21665190 0.22941798 -0.9443545 3.449885e-01
AI.doTRUE                    -0.18447349 0.16923174 -1.0900644 2.756848e-01
AI.stateTRUE                 -0.03226291 0.16920114 -0.1906779 8.487780e-01
AI.speechTRUE                 1.86145180 0.17418726 10.6864977 1.177332e-26
AI.cookingTRUE               -0.30468333 0.21818053 -1.3964735 1.625720e-01
AI.reflexiveTRUE             -0.48662456 0.22523992 -2.1604721 3.073614e-02
AI.healthTRUE                -0.10427819 0.26826285 -0.3887165 6.974859e-01
AI.prayTRUE                  -0.62008663 0.38347331 -1.6170268 1.058725e-01
RdplWTRUE                    -0.46047422 0.22324929 -2.0626011 3.915055e-02
NA.persons.actorTRUE         -0.03438129 0.13357873 -0.2573860 7.968808e-01
Sg.actorTRUE                 -0.42206077 0.14337623 -2.9437289 3.242839e-03
Pl.actorTRUE                 -0.29843130 0.19091215 -1.5631866 1.180087e-01
NA.beast.of.burden.actorTRUE -0.16432625 0.36049359 -0.4558368 6.485073e-01
NA.food.actorTRUE            -0.19861696 0.46198630 -0.4299196 6.672541e-01
actor.3TRUE                   0.08584860 0.06860897  1.2512737 2.108346e-01
actor.2TRUE                  -0.42217171 0.16866781 -2.5029774 1.231534e-02
actor.4TRUE                  -0.90065770 0.23328088 -3.8608294 1.130028e-04
                             Estimate Std. Error z value Pr(>|z|)
(Intercept)                    -0.913      0.168  -5.438    0.000
PV.TimeTRUE                     0.044      0.065   0.674    0.500
PV.MoveTRUE                    -0.310      0.128  -2.422    0.015
PV.QualTRUE                    -0.110      0.191  -0.573    0.566
PV.StartFinTRUE                -0.359      0.218  -1.648    0.099
PV.DiscourseTRUE               -1.037      0.273  -3.804    0.000
PV.PositionTRUE                -0.217      0.229  -0.944    0.345
AI.doTRUE                      -0.184      0.169  -1.090    0.276
AI.stateTRUE                   -0.032      0.169  -0.191    0.849
AI.speechTRUE                   1.861      0.174  10.686    0.000
AI.cookingTRUE                 -0.305      0.218  -1.396    0.163
AI.reflexiveTRUE               -0.487      0.225  -2.160    0.031
AI.healthTRUE                  -0.104      0.268  -0.389    0.697
AI.prayTRUE                    -0.620      0.383  -1.617    0.106
RdplWTRUE                      -0.460      0.223  -2.063    0.039
NA.persons.actorTRUE           -0.034      0.134  -0.257    0.797
Sg.actorTRUE                   -0.422      0.143  -2.944    0.003
Pl.actorTRUE                   -0.298      0.191  -1.563    0.118
NA.beast.of.burden.actorTRUE   -0.164      0.360  -0.456    0.649
NA.food.actorTRUE              -0.199      0.462  -0.430    0.667
actor.3TRUE                     0.086      0.069   1.251    0.211
actor.2TRUE                    -0.422      0.169  -2.503    0.012
actor.4TRUE                    -0.901      0.233  -3.861    0.000
