                                 Estimate Std. Error      z value     Pr(>|z|)
(Intercept)                  -1.378870608 0.26718217 -5.160788219 2.459122e-07
PV.TimeTRUE                   0.181879008 0.07319491  2.484858603 1.296029e-02
PV.MoveTRUE                  -0.251984986 0.14198053 -1.774785548 7.593330e-02
PV.QualTRUE                   0.011627039 0.20590984  0.056466651 9.549701e-01
PV.StartFinTRUE              -0.138143789 0.22951178 -0.601902825 5.472388e-01
PV.DiscourseTRUE             -0.944448089 0.27899503 -3.385178918 7.113187e-04
PV.PositionTRUE              -0.164413247 0.24653156 -0.666905473 5.048325e-01
AI.doTRUE                    -0.076189945 0.27185829 -0.280256106 7.792810e-01
AI.stateTRUE                  0.097233204 0.27306241  0.356084175 7.217775e-01
AI.speechTRUE                 0.247386989 0.36976951  0.669030258 5.034762e-01
AI.cookingTRUE                0.069674508 0.35582440  0.195811496 8.447577e-01
AI.reflexiveTRUE             -0.308524870 0.32518524 -0.948766535 3.427394e-01
AI.healthTRUE                -0.063748416 0.43780977 -0.145607567 8.842312e-01
AI.prayTRUE                  -0.781613623 0.62907321 -1.242484363 2.140579e-01
RdplWTRUE                    -0.364186894 0.23282022 -1.564240847 1.177610e-01
NA.persons.actorTRUE          0.106615950 0.14448155  0.737920850 4.605625e-01
Sg.actorTRUE                 -0.471883200 0.15706900 -3.004305025 2.661883e-03
Pl.actorTRUE                 -0.389667936 0.20845952 -1.869273891 6.158472e-02
NA.beast.of.burden.actorTRUE -0.002305426 0.39498656 -0.005836719 9.953430e-01
NA.food.actorTRUE            -0.210184411 0.49824248 -0.421851647 6.731333e-01
actor.3TRUE                   0.069603847 0.08001929  0.869838305 3.843888e-01
actor.2TRUE                  -0.146370072 0.17681647 -0.827807909 4.077793e-01
actor.4TRUE                  -0.812320418 0.24558112 -3.307747813 9.404946e-04
                             Estimate Std. Error z value Pr(>|z|)
(Intercept)                    -1.379      0.267  -5.161    0.000
PV.TimeTRUE                     0.182      0.073   2.485    0.013
PV.MoveTRUE                    -0.252      0.142  -1.775    0.076
PV.QualTRUE                     0.012      0.206   0.056    0.955
PV.StartFinTRUE                -0.138      0.230  -0.602    0.547
PV.DiscourseTRUE               -0.944      0.279  -3.385    0.001
PV.PositionTRUE                -0.164      0.247  -0.667    0.505
AI.doTRUE                      -0.076      0.272  -0.280    0.779
AI.stateTRUE                    0.097      0.273   0.356    0.722
AI.speechTRUE                   0.247      0.370   0.669    0.503
AI.cookingTRUE                  0.070      0.356   0.196    0.845
AI.reflexiveTRUE               -0.309      0.325  -0.949    0.343
AI.healthTRUE                  -0.064      0.438  -0.146    0.884
AI.prayTRUE                    -0.782      0.629  -1.242    0.214
RdplWTRUE                      -0.364      0.233  -1.564    0.118
NA.persons.actorTRUE            0.107      0.144   0.738    0.461
Sg.actorTRUE                   -0.472      0.157  -3.004    0.003
Pl.actorTRUE                   -0.390      0.208  -1.869    0.062
NA.beast.of.burden.actorTRUE   -0.002      0.395  -0.006    0.995
NA.food.actorTRUE              -0.210      0.498  -0.422    0.673
actor.3TRUE                     0.070      0.080   0.870    0.384
actor.2TRUE                    -0.146      0.177  -0.828    0.408
actor.4TRUE                    -0.812      0.246  -3.308    0.001
