                                 Estimate Std. Error     z value     Pr(>|z|)
(Intercept)                  -1.528632873 0.25072248 -6.09691184 1.081371e-09
PV.TimeTRUE                   0.204326990 0.07763856  2.63177205 8.494083e-03
PV.MoveTRUE                  -0.274391322 0.14740437 -1.86148705 6.267543e-02
PV.QualTRUE                  -0.055260913 0.21216709 -0.26045940 7.945094e-01
PV.StartFinTRUE              -0.355937000 0.23541588 -1.51194986 1.305466e-01
PV.DiscourseTRUE             -1.087434133 0.28326488 -3.83893037 1.235715e-04
PV.PositionTRUE              -0.391541390 0.24940808 -1.56988256 1.164424e-01
AI.doTRUE                     0.004896155 0.22962562  0.02132234 9.829885e-01
AI.stateTRUE                  0.120847836 0.23090889  0.52335722 6.007257e-01
AI.speechTRUE                 0.455870980 0.34339025  1.32755948 1.843237e-01
AI.cookingTRUE                0.011160835 0.32286573  0.03456804 9.724242e-01
AI.reflexiveTRUE             -0.268264089 0.29342439 -0.91425287 3.605840e-01
AI.prayTRUE                  -0.448272248 0.64275840 -0.69741951 4.855403e-01
RdplWTRUE                    -0.448875756 0.23724759 -1.89201398 5.848912e-02
NA.persons.actorTRUE          0.064869016 0.12645030  0.51300011 6.079512e-01
Pl.actorTRUE                 -0.040630177 0.19639698 -0.20687781 8.361053e-01
NA.beast.of.burden.actorTRUE -0.252075100 0.39489003 -0.63834254 5.232507e-01
actor.3TRUE                   0.373444854 0.13814461  2.70328940 6.865694e-03
actor.1TRUE                   0.631880603 0.14094843  4.48306250 7.357937e-06
actor.4TRUE                  -0.386900754 0.27612289 -1.40119044 1.611571e-01
                             Estimate Std. Error z value Pr(>|z|)
(Intercept)                    -1.529      0.251  -6.097    0.000
PV.TimeTRUE                     0.204      0.078   2.632    0.008
PV.MoveTRUE                    -0.274      0.147  -1.861    0.063
PV.QualTRUE                    -0.055      0.212  -0.260    0.795
PV.StartFinTRUE                -0.356      0.235  -1.512    0.131
PV.DiscourseTRUE               -1.087      0.283  -3.839    0.000
PV.PositionTRUE                -0.392      0.249  -1.570    0.116
AI.doTRUE                       0.005      0.230   0.021    0.983
AI.stateTRUE                    0.121      0.231   0.523    0.601
AI.speechTRUE                   0.456      0.343   1.328    0.184
AI.cookingTRUE                  0.011      0.323   0.035    0.972
AI.reflexiveTRUE               -0.268      0.293  -0.914    0.361
AI.prayTRUE                    -0.448      0.643  -0.697    0.486
RdplWTRUE                      -0.449      0.237  -1.892    0.058
NA.persons.actorTRUE            0.065      0.126   0.513    0.608
Pl.actorTRUE                   -0.041      0.196  -0.207    0.836
NA.beast.of.burden.actorTRUE   -0.252      0.395  -0.638    0.523
actor.3TRUE                     0.373      0.138   2.703    0.007
actor.1TRUE                     0.632      0.141   4.483    0.000
actor.4TRUE                    -0.387      0.276  -1.401    0.161
